0 4.2183e-95 4.2183e-95 2 1 0
0.00201971 0.00314397 0.00314397 1 1 0
0.00403221 0.00629598 0.00629598 1 1 0
0.00803523 0.0126244 0.0126244 1 1 0
0.0159509 0.0253803 0.0253803 1 1 0
0.0256667 0.0415139 0.0415139 1 1 0
0.0351718 0.0578636 0.0578636 1 1 0
0.0444516 0.0744354 0.0744354 1 1 0
0.0534904 0.0912346 0.0912346 1 1 0
0.0622708 0.108265 0.108265 1 1 0
0.0707745 0.125532 0.125532 1 1 0
0.0789818 0.143035 0.143035 1 1 0
0.086872 0.160776 0.160776 1 1 0
0.0944236 0.178753 0.178753 1 1 0
0.101614 0.196962 0.196962 1 1 0
0.108422 0.215399 0.215399 1 1 0
0.114825 0.234053 0.234053 1 1 0
0.120801 0.252915 0.252915 1 1 0
0.126332 0.27197 0.27197 1 1 0
0.1314 0.291202 0.291202 1 1 0
0.13599 0.310595 0.310595 1 1 0
0.140091 0.330127 0.330127 1 1 0
0.143697 0.349779 0.349779 1 1 0
0.146803 0.36953 0.36953 1 1 0
0.149412 0.389358 0.389358 1 1 0
0.15153 0.409245 0.409245 1 1 0
0.153168 0.429171 0.429171 1 1 0
0.15434 0.44912 0.44912 1 1 0
0.155065 0.469077 0.469077 1 1 0
0.155366 0.489031 0.489031 1 1 0
0.155378 0.493898 0.493898 1 1 0
0.155186 0.513834 0.513834 2 1 0
0.154631 0.533748 0.533748 2 1 0
0.153743 0.553637 0.553637 2 1 0
0.152555 0.573497 0.573497 2 1 0
0.151103 0.59333 0.59333 2 1 0
0.149424 0.613137 0.613137 2 1 0
0.147555 0.632922 0.632922 2 1 0
0.145539 0.65269 0.65269 2 1 0
0.143417 0.672448 0.672448 2 1 0
0.141235 0.692201 0.692201 2 1 0
0.139042 0.711957 0.711957 2 1 0
0.136888 0.731725 0.731725 2 1 0
0.134831 0.751513 0.751513 2 1 0
0.13293 0.771326 0.771326 2 1 0
0.131253 0.791171 0.791171 2 1 0
0.129871 0.811052 0.811052 2 1 0
0.128867 0.830969 0.830969 2 1 0
0.12833 0.850918 0.850918 2 1 0
0.128266 0.860166 0.860166 2 1 0
0.12859 0.880138 0.880138 1 1 0
0.129639 0.900095 0.900095 1 1 0
0.131532 0.919999 0.919999 1 1 0
0.134389 0.939792 0.939792 1 1 0
0.138331 0.9594 0.9594 1 1 0
0.143466 0.978726 0.978726 1 1 0
0.149879 0.997658 0.997658 1 1 0
0.157623 1.01607 1.01607 1 1 0
0.166709 1.03384 1.03384 1 1 0
0.177103 1.05086 1.05086 1 1 0
0.188731 1.06704 1.06704 1 1 0
0.201486 1.08233 1.08233 1 1 0
0.215247 1.09669 1.09669 1 1 0
0.229885 1.11014 1.11014 1 1 0
0.245276 1.12271 1.12271 1 1 0
0.261307 1.13444 1.13444 1 1 0
0.27788 1.14539 1.14539 1 1 0
0.294909 1.15561 1.15561 1 1 0
0.312322 1.16516 1.16516 1 1 0
0.33006 1.17409 1.17409 1 1 0
0.348071 1.18247 1.18247 1 1 0
0.366316 1.19034 1.19034 1 1 0
0.384759 1.19773 1.19773 1 1 0
0.403372 1.2047 1.2047 1 1 0
0.422131 1.21128 1.21128 1 1 0
0.441018 1.2175 1.2175 1 1 0
0.460014 1.22339 1.22339 1 1 0
0.479106 1.22897 1.22897 1 1 0
0.498282 1.23428 1.23428 1 1 0
0.517534 1.23932 1.23932 1 1 0
0.536851 1.24413 1.24413 1 1 0
0.556226 1.24871 1.24871 1 1 0
0.575652 1.25308 1.25308 1 1 0
0.595125 1.25727 1.25727 1 1 0
0.614638 1.26127 1.26127 1 1 0
0.634188 1.2651 1.2651 1 1 0
0.653771 1.26878 1.26878 1 1 0
0.673385 1.27231 1.27231 1 1 0
0.693026 1.2757 1.2757 1 1 0
0.712691 1.27896 1.27896 1 1 0
0.73238 1.2821 1.2821 1 1 0
0.752088 1.28512 1.28512 1 1 0
0.771816 1.28804 1.28804 1 1 0
0.79156 1.29085 1.29085 1 1 0
0.811321 1.29356 1.29356 1 1 0
0.831096 1.29618 1.29618 1 1 0
0.850884 1.29871 1.29871 1 1 0
0.870685 1.30116 1.30116 1 1 0
0.890498 1.30353 1.30353 1 1 0
0.91032 1.30583 1.30583 1 1 0
0.930153 1.30805 1.30805 1 1 0
0.949995 1.3102 1.3102 1 1 0
0.969845 1.31229 1.31229 1 1 0
0.989703 1.31432 1.31432 1 1 0
1.00957 1.31629 1.31629 1 1 0
1.02944 1.3182 1.3182 1 1 0
1.04932 1.32005 1.32005 1 1 0
1.0692 1.32186 1.32186 1 1 0
1.0891 1.32361 1.32361 1 1 0
1.10899 1.32532 1.32532 1 1 0
1.12889 1.32698 1.32698 1 1 0
1.1488 1.3286 1.3286 1 1 0
1.16871 1.33017 1.33017 1 1 0
1.18862 1.33171 1.33171 1 1 0
1.20854 1.3332 1.3332 1 1 0
1.22846 1.33466 1.33466 1 1 0
1.24838 1.33608 1.33608 1 1 0
1.26831 1.33747 1.33747 1 1 0
1.28824 1.33882 1.33882 1 1 0
1.30818 1.34014 1.34014 1 1 0
1.32811 1.34143 1.34143 1 1 0
1.34805 1.34269 1.34269 1 1 0
1.368 1.34392 1.34392 1 1 0
1.38794 1.34512 1.34512 1 1 0
1.40789 1.34629 1.34629 1 1 0
1.42783 1.34744 1.34744 1 1 0
1.44778 1.34856 1.34856 1 1 0
1.46774 1.34966 1.34966 1 1 0
1.48769 1.35074 1.35074 1 1 0
1.50765 1.35179 1.35179 1 1 0
1.5276 1.35282 1.35282 1 1 0
1.54756 1.35383 1.35383 1 1 0
1.56752 1.35481 1.35481 1 1 0
1.58749 1.35578 1.35578 1 1 0
1.60745 1.35673 1.35673 1 1 0
1.62741 1.35766 1.35766 1 1 0
1.64738 1.35857 1.35857 1 1 0
1.66735 1.35946 1.35946 1 1 0
1.68732 1.36033 1.36033 1 1 0
1.70728 1.36119 1.36119 1 1 0
1.72726 1.36203 1.36203 1 1 0
1.74723 1.36286 1.36286 1 1 0
1.7672 1.36367 1.36367 1 1 0
1.78717 1.36446 1.36446 1 1 0
1.80715 1.36524 1.36524 1 1 0
1.82712 1.36601 1.36601 1 1 0
1.8471 1.36676 1.36676 1 1 0
1.86707 1.3675 1.3675 1 1 0
1.88705 1.36822 1.36822 1 1 0
1.90703 1.36893 1.36893 1 1 0
1.92701 1.36963 1.36963 1 1 0
1.94699 1.37032 1.37032 1 1 0
1.96697 1.371 1.371 1 1 0
1.98695 1.37166 1.37166 1 1 0
2.00693 1.37231 1.37231 1 1 0
